0
100
101
102
1005
1037
1039
1040
1041
1042
1043
1044
1045
1047
1048
1049
1050
1051
1052
1054
1055
1056
1058
1061
1066
1996
1997
1998
1999
2000
2001
2002
2003
2004
2005
2006
2007
2008
2009
2011
2012
2013
2014
2015
2017
2018
2019
2020
2021
2022
2023
2024
2025
2026
2027
2028
2029
2030
2031
2033
2034
2035
2036
2037
2038
2039
2040
2041
2042
2043
2044
2045
2046
2047
2048
2049
2050
2051
2052
2053
2054
2055
2056
2057
2058
2059
2060
2061
2062
2063
2064
2065
2066
2067
2069
2070
2071
2072
2073
2074
2077
2079
2080
2083
2084
2085
2089
2090
2091
2092
2093
2096
2097
2098
2099
2100
2103
2105
2106
2110
2111
2112
2113
2115
2117
2120
2121
2123
2125
2126
2127
2128
2129
2130
2131
2134
2138
2139
2145
2146
2147
2148
2149
2151
2153
2154
2156
2157
2164
2167
2168
2170
2171
2172
2175
2176
2178
2181
2182
2183
2185
2187
2188
2190
2191
2193
2194
2197
2198
2200
2202
2204
2205
2210
2213
2214
2215
2216
2222
2224
2226
2228
2232
2233
2237
2240
2242
2243
2253
2256
2272
2274
2275
2279
2288
2291
2292
2296
2298
2302
2305
2306
2307
2310
2320
2323
2330
2334
2338
2339
2342
2344
2345
2353
2356
2359
2360
2361
2364
2367
2393
2395
2404
2416
2420
2424
2425
2428
2439
2440
2444
2449
2453
2454
2469
2471
2480
2481
2482
2498
2505
2507
2508
2515
2518
2520
2525
2551
2553
2559
2561
2572
2574
2579
2582
2583
2585
2589
2592
2593
2594
2598
2607
2610
2613
2614
2616
2617
2625
2627
2635
2643
2651
2655
2659
2662
2667
2672
2673
2686
2698
2702
2707
2711
2716
2717
2720
2725
2728
2729
2733
2734
2741
2745
2746
2747
2748
2763
2769
2770
2773
2783
2793
2800
2801
2802
2808
2809
2812
2818
2821
2823
2825
2829
2842
2843
2847
2850
2863
2872
2875
2878
2890
2893
2903
2907
2908
2909
2919
2924
2927
2928
2941
2949
2959
2963
2984
2986
2994
2999
3021
3022
3028
3042
3044
3046
3058
3065
3073
3084
3087
3097
3098
3100
3105
3114
3120
3129
3134
3138
3143
3144
3154
3157
3160
3168
3174
3178
3191
3198
3201
3224
3240
3246
3254
3257
3271
3291
3308
3325
3331
3335
3342
3371
3374
3376
3378
3398
3403
3407
3413
3435
3436
3449
3460
3461
3465
3475
3477
3489
3492
3495
3497
3504
3524
3526
3531
3557
3584
3587
3589
3599
3613
3616
3631
3632
3634
3636
3641
3642
3643
3647
3661
3671
3674
3685
3738
3744
3751
3766
3779
3784
3793
3805
3806
3815
3819
3823
3825
3835
3842
3849
3859
3870
3892
3898
3924
3944
3958
3984
4003
4012
4015
4067
4070
4139
4148
4165
4176
4214
4221
4228
4248
4267
4283
4292
4299
4313
4374
4376
4426
4430
4440
4465
4482
4512
4534
4558
4595
4604
4609
4638
4651
4654
4679
4682
4708
4710
4717
4769
4815
4826
4851
4869
4902
4907
4909
4923
4931
4957
5003
5005
5015
5027
5032
5066
5074
5095
5115
5119
5121
5147
5189
5227
5292
5319
5356
5392
5408
5412
5417
5487
5553
5567
5571
5580
5592
5595
5599
5622
5628
5653
5659
5669
5672
5684
5703
5717
5738
5782
5791
5793
5796
5799
5931
5958
5959
6016
6047
6057
6069
6098
6108
6110
6115
6129
6134
6149
6160
6183
6200
6203
6229
6276
6287
6289
6297
6363
6440
6509
6581
6603
6611
6635
6852
6854
6919
6928
7026
7031
7032
7078
7079
7081
7093
7180
7188
7194
7292
7361
7426
7437
7439
7494
7507
7592
7610
7632
7673
7688
7763
7842
7864
7906
7909
7910
7912
7922
7929
7986
7987
8013
8016
8038
8086
8094
8105
8128
8231
8282
8310
8320
8442
8500
8507
8529
8586
8654
8685
8758
8797
8840
8875
8904
8957
9061
9082
9119
9120
9129
9155
9171
9172
9202
9317
9351
9361
9377
9398
9413
9432
9544
9616
9675
9805
9808
9857
10166
10250
10303
10373
10392
10504
10587
10657
10717
10725
10773
10920
10930
10995
11265
11303
11322
11454
11479
11501
11545
11596
11631
11923
11977
12005
12021
12040
12134
12210
12395
12430
12436
12476
12525
12756
12819
13063
13261
13504
13568
14044
14101
14148
14163
14227
14345
14391
14601
14651
14768
14933
15333
15340
15624
16215
16222
16313
16319
16391
16648
16653
16780
17012
17470
17542
17620
17746
18499
18783
19031
19195
19723
19940
20228
20277
20287
20786
20976
21195
21274
23184
23442
24185
25141
25391
26828
28326
